522.3927221621133 583.1413753123353 311.45251715125465 31.025458045071158 565.0287214267048 
284.92487780771893 555.5603991155864 596.9478316898878 109.18252412934558 45.48884988172044 
360.6900399423131 609.029208742474 376.1964953138366 374.97535308051465 40.820250033517326 
371.0044932276591 156.19166032972183 263.2229031110162 208.78615683380784 391.028396270633 
355.04859105059245 102.90397081924954 22.98542834813873 320.4562473725359 352.36234095170727 
89.84751001437488 286.85540496003654 580.3566799587329 291.4653429480609 159.14025896022886 
397.21509480209 209.35004195723562 172.6118285013368 465.6007344646563 487.56560571577097 
216.36623240806114 570.4177131893152 367.21934799375947 462.44280364955233 271.9157388650684 
346.64954747930824 20.1587192035319 368.9160164015498 121.46754529862345 79.45632143700004 
443.90772807471325 101.32645185624916 454.5278059600382 280.137959040727 465.1831619962624 
185.35911832910742 513.0129325643943 418.54414331107995 499.17268226756846 137.5420011052065 
72.51078014632361 128.1972408706383 476.7127741398162 46.26622467122197 380.02388739939164 
512.2331325466068 375.99559709160627 370.42094131583747 581.7883540356453 21.25364263524357 
567.3983324040214 501.73676947518453 124.76210086959827 524.1843779111981 530.0288776750116 
386.9314375618205 365.3763767951606 343.2316287675115 48.581561334214435 55.75141642068627 
569.1442091859549 374.03219274323175 549.0967044463406 451.00334367205505 434.7194786032434 
362.0897951761367 182.21771627528338 106.66886662272022 426.00045292270664 356.59184653811167 
412.5395106639517 370.1968455862317 345.8715109381295 312.7004481191385 22.64197887581372 
215.06643253472186 335.1768413794045 563.4110682227085 590.4022388979259 239.71498033417458 
230.5196998814126 32.073055348472764 248.17950861014538 198.9243913629932 564.4812735917428 
606.665343469717 82.46626470576905 363.7597668884065 241.85257055092268 446.9213773006757 
282.5993783061068 356.15401517439983 475.4733343592895 545.3968853525224 497.12521548966197 
54.23220369978941 115.27162925193939 413.57429174458684 406.4121031057822 114.46944310022782 
54.09781446393858 314.0974348027722 270.1043492591315 406.77595857265715 343.94676311360627 
610.2305130518259 158.0110355505627 208.60322129261672 206.1620042529181 353.63477017124336 
323.02389116014683 554.1647911125734 469.21546002855774 381.5569333987742 524.6574882096818 
284.8656581550628 317.65675611600466 144.52294824374968 461.8059477910293 297.03381950542655 
185.8256209079931 435.63079600643323 23.309543619099898 33.047883088285104 579.9212666831128 
342.5363169452237 614.9252541150344 411.95440364009136 562.0223710538969 293.22552607457453 
571.2947258743246 545.6686758066779 379.65162791609094 416.6673310244112 611.5036680329841 
