288.3557423376915 334.644646778297 443.61678017215365 241.41526389438678 335.3976933571475 
342.6113590054284 420.52295535974224 81.81877065494085 434.45239296273627 272.55831893409686 
384.32726452958093 340.72174746920643 380.5826126539016 130.12988417797555 50.305278122048314 
26.355457476803615 428.34880574198746 127.09691483201934 140.67384450946028 176.1599119451269 
378.46418133642504 482.49706457694543 111.27612670368403 65.77631622216845 202.81046870380243 
305.59280811130844 73.85378968032785 422.7087637161987 303.51736932131314 187.60004437348792 
72.10952656212898 334.10820083517183 126.80883736975612 254.14067567209852 494.76291260113294 
163.1318739458814 477.31939832913025 55.372184726366115 33.80287578512513 413.3313148133463 
503.58346388277005 295.7473526899494 221.13975438145698 105.52198989877635 450.4009831782265 
30.35715878620159 201.86019671611447 356.5878152629189 398.78231041974476 79.81012011235066 
27.287899578202982 474.6736289255234 339.17565491757296 40.601115965884276 376.0534666247291 
10.218580283854797 48.680071800050676 392.9228695689395 236.37634964824028 327.2839493987977 
367.9471844250683 332.87309056579113 207.76211310400947 384.6280391018067 98.47473453258542 
81.01059645555979 205.3180927927451 40.98167135769558 365.9951474495097 44.21338280762159 
474.89059596325495 323.9771953321323 420.66215250927075 332.79183748726024 452.2267472586578 
227.1841325421897 469.7386497226792 259.8102140253645 124.36415384760318 224.70473534255962 
263.4888889394387 74.56940662281096 176.45139358125516 317.78242393829566 279.97814881161077 
307.20439151778413 332.2026522544028 52.87627759385543 479.48300787543127 226.3490978099012 
421.18942812977525 75.6547724720158 224.21533918342539 36.82217305223228 331.1725515728308 
410.36174433204496 84.06313942967013 69.28660414546889 128.67765029764092 279.00789890586736 
374.0513202748617 338.8362378875275 256.01703612494924 399.84082210457063 394.22562869339095 
474.4625752200648 337.9614082486385 329.5466526865099 467.66272346624606 146.35471588712784 
256.2642036253608 38.63663403496908 497.3097124776875 242.9857269645761 275.2419038018899 
34.4715772914732 387.3560401037718 174.93847216298408 126.61342309288403 471.3774189651005 
299.84101817479996 307.42412693388655 86.80157077394084 312.30484938453196 342.20010214131327 
148.44639765562167 204.8998574889571 231.48645960879952 406.45296378184275 44.56462149986361 
464.50767206428634 72.54411121727865 505.7365999177763 261.2088881896772 287.6370206976096 
301.50003992482044 78.88646514361501 449.50029692025186 413.89391059336907 19.14456508063416 
358.76885686211136 126.52942632321262 313.1375215839046 222.2135918965583 25.067663567140563 
421.0462015261811 414.82025898401406 127.82915471765132 487.22855937747676 461.5142995184188 
